Date,Time gap,Count,Average speed
2021-12-15,1,3,16
2021-12-15,2,0,-1
2021-12-15,3,2,11
2021-12-15,4,2,17
2021-12-15,5,1,23
2021-12-15,6,3,19
2021-12-15,7,2,15
2021-12-15,8,3,20
2021-12-15,9,3,15
2021-12-15,10,4,20
2021-12-15,11,2,24
2021-12-15,12,0,-1
2021-12-15,13,2,17
2021-12-15,14,2,20
2021-12-15,15,11,20
2021-12-15,16,5,21
2021-12-15,17,4,21
2021-12-15,18,5,21
2021-12-15,19,8,22
2021-12-15,20,13,21
2021-12-15,21,13,19
2021-12-15,22,9,21
2021-12-15,23,17,20
2021-12-15,24,22,21
2021-12-15,25,23,21
2021-12-15,26,20,20
2021-12-15,27,31,23
2021-12-15,28,53,21
2021-12-15,29,64,18
2021-12-15,30,77,19
2021-12-15,31,122,18
2021-12-15,32,104,18
2021-12-15,33,68,20
2021-12-15,34,58,19
2021-12-15,35,56,18
2021-12-15,36,38,19
2021-12-15,37,31,20
2021-12-15,38,30,19
2021-12-15,39,35,18
2021-12-15,40,45,17
2021-12-15,41,28,17
2021-12-15,42,38,18
2021-12-15,43,38,19
2021-12-15,44,29,17
2021-12-15,45,67,19
2021-12-15,46,54,18
2021-12-15,47,53,19
2021-12-15,48,53,19
2021-12-15,49,57,18
2021-12-15,50,44,18
2021-12-15,51,54,19
2021-12-15,52,44,18
2021-12-15,53,45,17
2021-12-15,54,58,17
2021-12-15,55,39,18
2021-12-15,56,39,19
2021-12-15,57,48,17
2021-12-15,58,35,18
2021-12-15,59,41,16
2021-12-15,60,58,19
2021-12-15,61,63,17
2021-12-15,62,49,18
2021-12-15,63,67,18
2021-12-15,64,63,18
2021-12-15,65,67,19
2021-12-15,66,75,18
2021-12-15,67,81,18
2021-12-15,68,69,18
2021-12-15,69,85,18
2021-12-15,70,61,18
2021-12-15,71,53,19
2021-12-15,72,59,19
2021-12-15,73,50,19
2021-12-15,74,50,17
2021-12-15,75,58,20
2021-12-15,76,37,18
2021-12-15,77,38,19
2021-12-15,78,30,17
2021-12-15,79,21,18
2021-12-15,80,13,18
2021-12-15,81,34,19
2021-12-15,82,27,18
2021-12-15,83,20,18
2021-12-15,84,24,20
2021-12-15,85,15,20
2021-12-15,86,26,17
2021-12-15,87,17,19
2021-12-15,88,24,17
2021-12-15,89,32,19
2021-12-15,90,29,18
2021-12-15,91,25,17
2021-12-15,92,13,19
2021-12-15,93,11,19
2021-12-15,94,6,18
2021-12-15,95,3,19
2021-12-15,96,4,19
2021-12-16,1,8,19
2021-12-16,2,1,12
2021-12-16,3,5,17
2021-12-16,4,3,17
2021-12-16,5,4,20
2021-12-16,6,1,18
2021-12-16,7,4,24
2021-12-16,8,3,20
2021-12-16,9,2,20
2021-12-16,10,3,21
2021-12-16,11,2,17
2021-12-16,12,3,16
2021-12-16,13,3,17
2021-12-16,14,1,26
2021-12-16,15,6,20
2021-12-16,16,2,18
2021-12-16,17,4,22
2021-12-16,18,10,21
2021-12-16,19,10,21
2021-12-16,20,10,19
2021-12-16,21,6,22
2021-12-16,22,9,20
2021-12-16,23,7,20
2021-12-16,24,22,20
2021-12-16,25,16,22
2021-12-16,26,22,19
2021-12-16,27,48,20
2021-12-16,28,43,20
2021-12-16,29,64,20
2021-12-16,30,102,19
2021-12-16,31,151,18
2021-12-16,32,109,19
2021-12-16,33,85,19
2021-12-16,34,63,19
2021-12-16,35,60,19
2021-12-16,36,55,19
2021-12-16,37,50,19
2021-12-16,38,37,19
2021-12-16,39,23,18
2021-12-16,40,29,19
2021-12-16,41,53,17
2021-12-16,42,47,18
2021-12-16,43,40,17
2021-12-16,44,40,19
2021-12-16,45,48,19
2021-12-16,46,51,18
2021-12-16,47,62,18
2021-12-16,48,56,20
2021-12-16,49,45,17
2021-12-16,50,55,19
2021-12-16,51,43,18
2021-12-16,52,60,18
2021-12-16,53,50,18
2021-12-16,54,43,17
2021-12-16,55,46,19
2021-12-16,56,50,18
2021-12-16,57,65,18
2021-12-16,58,58,19
2021-12-16,59,79,18
2021-12-16,60,81,18
2021-12-16,61,59,17
2021-12-16,62,64,20
2021-12-16,63,90,19
2021-12-16,64,89,18
2021-12-16,65,80,18
2021-12-16,66,95,18
2021-12-16,67,89,19
2021-12-16,68,94,16
2021-12-16,69,80,18
2021-12-16,70,104,19
2021-12-16,71,67,19
2021-12-16,72,61,19
2021-12-16,73,55,18
2021-12-16,74,61,17
2021-12-16,75,46,18
2021-12-16,76,46,18
2021-12-16,77,36,20
2021-12-16,78,42,18
2021-12-16,79,28,19
2021-12-16,80,33,20
2021-12-16,81,36,19
2021-12-16,82,35,17
2021-12-16,83,26,19
2021-12-16,84,23,19
2021-12-16,85,25,19
2021-12-16,86,22,19
2021-12-16,87,20,19
2021-12-16,88,21,17
2021-12-16,89,35,18
2021-12-16,90,25,19
2021-12-16,91,19,18
2021-12-16,92,11,16
2021-12-16,93,10,20
2021-12-16,94,11,20
2021-12-16,95,9,16
2021-12-16,96,9,16
2021-12-17,1,7,18
2021-12-17,2,6,18
2021-12-17,3,1,11
2021-12-17,4,1,21
2021-12-17,5,3,20
2021-12-17,6,2,21
2021-12-17,7,3,21
2021-12-17,8,2,18
2021-12-17,9,0,-1
2021-12-17,10,2,21
2021-12-17,11,5,17
2021-12-17,12,4,19
2021-12-17,13,6,20
2021-12-17,14,9,16
2021-12-17,15,5,21
2021-12-17,16,5,18
2021-12-17,17,5,15
2021-12-17,18,6,19
2021-12-17,19,11,21
2021-12-17,20,15,22
2021-12-17,21,6,19
2021-12-17,22,8,21
2021-12-17,23,16,22
2021-12-17,24,17,20
2021-12-17,25,18,20
2021-12-17,26,22,20
2021-12-17,27,34,20
2021-12-17,28,44,20
2021-12-17,29,47,20
2021-12-17,30,88,20
2021-12-17,31,106,18
2021-12-17,32,87,18
2021-12-17,33,74,19
2021-12-17,34,55,19
2021-12-17,35,56,19
2021-12-17,36,55,19
2021-12-17,37,30,20
2021-12-17,38,34,19
2021-12-17,39,28,19
2021-12-17,40,47,19
2021-12-17,41,25,19
2021-12-17,42,37,19
2021-12-17,43,37,18
2021-12-17,44,35,18
2021-12-17,45,39,19
2021-12-17,46,48,18
2021-12-17,47,59,19
2021-12-17,48,53,17
2021-12-17,49,46,19
2021-12-17,50,39,18
2021-12-17,51,32,18
2021-12-17,52,54,19
2021-12-17,53,50,18
2021-12-17,54,42,19
2021-12-17,55,41,17
2021-12-17,56,46,18
2021-12-17,57,47,18
2021-12-17,58,60,18
2021-12-17,59,58,18
2021-12-17,60,76,18
2021-12-17,61,59,18
2021-12-17,62,73,19
2021-12-17,63,63,18
2021-12-17,64,80,18
2021-12-17,65,69,18
2021-12-17,66,61,18
2021-12-17,67,60,19
2021-12-17,68,57,18
2021-12-17,69,61,18
2021-12-17,70,58,18
2021-12-17,71,56,18
2021-12-17,72,54,19
2021-12-17,73,37,18
2021-12-17,74,53,18
2021-12-17,75,47,19
2021-12-17,76,42,19
2021-12-17,77,38,19
2021-12-17,78,43,19
2021-12-17,79,24,19
2021-12-17,80,24,18
2021-12-17,81,22,18
2021-12-17,82,27,19
2021-12-17,83,21,18
2021-12-17,84,29,16
2021-12-17,85,22,18
2021-12-17,86,19,18
2021-12-17,87,28,18
2021-12-17,88,29,18
2021-12-17,89,29,17
2021-12-17,90,28,19
2021-12-17,91,20,17
2021-12-17,92,30,15
2021-12-17,93,14,18
2021-12-17,94,11,19
2021-12-17,95,10,16
2021-12-17,96,6,17
2021-12-18,1,12,18
2021-12-18,2,8,18
2021-12-18,3,11,19
2021-12-18,4,6,19
2021-12-18,5,9,20
2021-12-18,6,10,19
2021-12-18,7,4,20
2021-12-18,8,2,20
2021-12-18,9,5,18
2021-12-18,10,2,20
2021-12-18,11,8,19
2021-12-18,12,6,14
2021-12-18,13,6,21
2021-12-18,14,5,20
2021-12-18,15,4,17
2021-12-18,16,6,19
2021-12-18,17,9,17
2021-12-18,18,8,21
2021-12-18,19,5,22
2021-12-18,20,4,20
2021-12-18,21,8,23
2021-12-18,22,5,19
2021-12-18,23,8,21
2021-12-18,24,8,18
2021-12-18,25,4,20
2021-12-18,26,6,18
2021-12-18,27,4,28
2021-12-18,28,10,19
2021-12-18,29,8,18
2021-12-18,30,17,20
2021-12-18,31,15,21
2021-12-18,32,21,22
2021-12-18,33,26,20
2021-12-18,34,25,17
2021-12-18,35,25,18
2021-12-18,36,27,19
2021-12-18,37,24,21
2021-12-18,38,27,19
2021-12-18,39,23,18
2021-12-18,40,30,19
2021-12-18,41,39,19
2021-12-18,42,33,17
2021-12-18,43,39,18
2021-12-18,44,25,18
2021-12-18,45,43,18
2021-12-18,46,44,18
2021-12-18,47,36,17
2021-12-18,48,46,18
2021-12-18,49,45,19
2021-12-18,50,56,18
2021-12-18,51,49,18
2021-12-18,52,38,18
2021-12-18,53,55,18
2021-12-18,54,45,18
2021-12-18,55,40,17
2021-12-18,56,58,17
2021-12-18,57,46,18
2021-12-18,58,26,18
2021-12-18,59,38,18
2021-12-18,60,48,20
2021-12-18,61,54,18
2021-12-18,62,39,19
2021-12-18,63,44,17
2021-12-18,64,56,17
2021-12-18,65,41,17
2021-12-18,66,59,17
2021-12-18,67,52,18
2021-12-18,68,37,17
2021-12-18,69,37,17
2021-12-18,70,22,17
2021-12-18,71,30,17
2021-12-18,72,31,18
2021-12-18,73,40,17
2021-12-18,74,39,18
2021-12-18,75,41,18
2021-12-18,76,31,18
2021-12-18,77,31,18
2021-12-18,78,22,18
2021-12-18,79,22,18
2021-12-18,80,22,19
2021-12-18,81,30,18
2021-12-18,82,23,19
2021-12-18,83,19,19
2021-12-18,84,24,17
2021-12-18,85,27,18
2021-12-18,86,26,20
2021-12-18,87,11,19
2021-12-18,88,11,18
2021-12-18,89,15,17
2021-12-18,90,16,17
2021-12-18,91,11,17
2021-12-18,92,8,18
2021-12-18,93,18,16
2021-12-18,94,12,16
2021-12-18,95,11,19
2021-12-18,96,7,19
2021-12-19,1,9,16
2021-12-19,2,6,17
2021-12-19,3,7,16
2021-12-19,4,9,17
2021-12-19,5,10,18
2021-12-19,6,5,16
2021-12-19,7,2,22
2021-12-19,8,1,22
2021-12-19,9,4,21
2021-12-19,10,3,16
2021-12-19,11,2,21
2021-12-19,12,3,14
2021-12-19,13,2,19
2021-12-19,14,5,17
2021-12-19,15,8,16
2021-12-19,16,9,18
2021-12-19,17,3,24
2021-12-19,18,2,13
2021-12-19,19,5,18
2021-12-19,20,1,14
2021-12-19,21,5,22
2021-12-19,22,5,17
2021-12-19,23,7,18
2021-12-19,24,3,20
2021-12-19,25,6,20
2021-12-19,26,4,18
2021-12-19,27,1,14
2021-12-19,28,5,12
2021-12-19,29,9,20
2021-12-19,30,10,20
2021-12-19,31,13,22
2021-12-19,32,13,16
2021-12-19,33,14,18
2021-12-19,34,14,18
2021-12-19,35,17,18
2021-12-19,36,22,22
2021-12-19,37,22,17
2021-12-19,38,19,17
2021-12-19,39,24,19
2021-12-19,40,22,20
2021-12-19,41,25,17
2021-12-19,42,31,19
2021-12-19,43,25,17
2021-12-19,44,34,19
2021-12-19,45,40,19
2021-12-19,46,32,18
2021-12-19,47,27,17
2021-12-19,48,33,18
2021-12-19,49,24,19
2021-12-19,50,38,18
2021-12-19,51,45,18
2021-12-19,52,29,18
2021-12-19,53,32,16
2021-12-19,54,39,17
2021-12-19,55,43,17
2021-12-19,56,31,18
2021-12-19,57,52,16
2021-12-19,58,30,16
2021-12-19,59,48,17
2021-12-19,60,44,18
2021-12-19,61,35,17
2021-12-19,62,30,18
2021-12-19,63,32,17
2021-12-19,64,27,17
2021-12-19,65,35,16
2021-12-19,66,32,17
2021-12-19,67,34,17
2021-12-19,68,34,19
2021-12-19,69,36,18
2021-12-19,70,40,18
2021-12-19,71,35,18
2021-12-19,72,35,17
2021-12-19,73,41,18
2021-12-19,74,31,18
2021-12-19,75,19,19
2021-12-19,76,22,20
2021-12-19,77,19,18
2021-12-19,78,20,19
2021-12-19,79,21,18
2021-12-19,80,21,19
2021-12-19,81,13,19
2021-12-19,82,15,17
2021-12-19,83,13,18
2021-12-19,84,12,18
2021-12-19,85,19,19
2021-12-19,86,14,18
2021-12-19,87,16,19
2021-12-19,88,11,18
2021-12-19,89,13,19
2021-12-19,90,11,20
2021-12-19,91,12,19
2021-12-19,92,28,13
2021-12-19,93,7,16
2021-12-19,94,6,15
2021-12-19,95,5,16
2021-12-19,96,1,18
2021-12-20,1,4,18
2021-12-20,2,0,-1
2021-12-20,3,2,31
2021-12-20,4,2,19
2021-12-20,5,3,16
2021-12-20,6,0,-1
2021-12-20,7,2,16
2021-12-20,8,4,20
2021-12-20,9,1,18
2021-12-20,10,1,15
2021-12-20,11,2,16
2021-12-20,12,1,12
2021-12-20,13,2,22
2021-12-20,14,3,21
2021-12-20,15,5,21
2021-12-20,16,7,22
2021-12-20,17,7,19
2021-12-20,18,2,19
2021-12-20,19,11,20
2021-12-20,20,10,21
2021-12-20,21,14,20
2021-12-20,22,10,22
2021-12-20,23,7,21
2021-12-20,24,11,17
2021-12-20,25,21,22
2021-12-20,26,20,20
2021-12-20,27,29,20
2021-12-20,28,49,21
2021-12-20,29,40,20
2021-12-20,30,62,20
2021-12-20,31,77,20
2021-12-20,32,83,20
2021-12-20,33,63,17
2021-12-20,34,49,19
2021-12-20,35,65,18
2021-12-20,36,53,19
2021-12-20,37,31,18
2021-12-20,38,30,19
2021-12-20,39,25,17
2021-12-20,40,28,19
2021-12-20,41,23,20
2021-12-20,42,27,16
2021-12-20,43,31,17
2021-12-20,44,28,16
2021-12-20,45,34,19
2021-12-20,46,42,19
2021-12-20,47,50,18
2021-12-20,48,39,17
2021-12-20,49,51,20
2021-12-20,50,47,17
2021-12-20,51,33,18
2021-12-20,52,42,18
2021-12-20,53,38,19
2021-12-20,54,42,18
2021-12-20,55,40,19
2021-12-20,56,45,18
2021-12-20,57,42,17
2021-12-20,58,49,18
2021-12-20,59,43,20
2021-12-20,60,54,19
2021-12-20,61,78,19
2021-12-20,62,58,19
2021-12-20,63,62,19
2021-12-20,64,85,19
2021-12-20,65,71,19
2021-12-20,66,70,18
2021-12-20,67,70,18
2021-12-20,68,78,18
2021-12-20,69,73,19
2021-12-20,70,68,19
2021-12-20,71,63,19
2021-12-20,72,51,20
2021-12-20,73,45,19
2021-12-20,74,37,20
2021-12-20,75,35,17
2021-12-20,76,31,18
2021-12-20,77,27,19
2021-12-20,78,27,19
2021-12-20,79,32,20
2021-12-20,80,22,19
2021-12-20,81,27,20
2021-12-20,82,29,19
2021-12-20,83,21,20
2021-12-20,84,11,17
2021-12-20,85,24,18
2021-12-20,86,14,19
2021-12-20,87,15,17
2021-12-20,88,18,17
2021-12-20,89,23,19
2021-12-20,90,16,20
2021-12-20,91,10,18
2021-12-20,92,9,18
2021-12-20,93,2,22
2021-12-20,94,10,19
2021-12-20,95,6,21
2021-12-20,96,5,16
2021-12-21,1,3,22
2021-12-21,2,1,21
2021-12-21,3,4,18
2021-12-21,4,0,-1
2021-12-21,5,2,19
2021-12-21,6,1,20
2021-12-21,7,2,18
2021-12-21,8,0,-1
2021-12-21,9,1,17
2021-12-21,10,2,22
2021-12-21,11,2,20
2021-12-21,12,2,19
2021-12-21,13,4,21
2021-12-21,14,2,17
2021-12-21,15,8,21
2021-12-21,16,5,17
2021-12-21,17,5,21
2021-12-21,18,2,16
2021-12-21,19,9,19
2021-12-21,20,10,21
2021-12-21,21,9,18
2021-12-21,22,8,23
2021-12-21,23,6,22
2021-12-21,24,14,19
2021-12-21,25,14,21
2021-12-21,26,20,21
2021-12-21,27,31,21
2021-12-21,28,31,21
2021-12-21,29,46,20
2021-12-21,30,57,19
2021-12-21,31,64,19
2021-12-21,32,95,20
2021-12-21,33,65,19
2021-12-21,34,52,19
2021-12-21,35,43,19
2021-12-21,36,43,18
2021-12-21,37,37,19
2021-12-21,38,30,19
2021-12-21,39,27,18
2021-12-21,40,31,18
2021-12-21,41,38,18
2021-12-21,42,36,18
2021-12-21,43,39,18
2021-12-21,44,34,18
2021-12-21,45,29,20
2021-12-21,46,43,18
2021-12-21,47,38,19
2021-12-21,48,59,18
2021-12-21,49,43,19
2021-12-21,50,39,17
2021-12-21,51,45,17
2021-12-21,52,61,18
2021-12-21,53,45,18
2021-12-21,54,43,18
2021-12-21,55,41,19
2021-12-21,56,35,17
2021-12-21,57,37,18
2021-12-21,58,43,17
2021-12-21,59,53,19
2021-12-21,60,46,18
2021-12-21,61,65,19
2021-12-21,62,56,19
2021-12-21,63,61,18
2021-12-21,64,66,19
2021-12-21,65,72,18
2021-12-21,66,87,18
2021-12-21,67,83,18
2021-12-21,68,87,19
2021-12-21,69,73,18
2021-12-21,70,71,18
2021-12-21,71,62,19
2021-12-21,72,65,19
2021-12-21,73,59,18
2021-12-21,74,52,18
2021-12-21,75,44,19
2021-12-21,76,36,18
2021-12-21,77,29,19
2021-12-21,78,24,18
2021-12-21,79,21,19
2021-12-21,80,29,20
2021-12-21,81,27,19
2021-12-21,82,20,20
2021-12-21,83,18,17
2021-12-21,84,16,18
2021-12-21,85,12,19
2021-12-21,86,18,16
2021-12-21,87,9,19
2021-12-21,88,28,19
2021-12-21,89,22,18
2021-12-21,90,12,16
2021-12-21,91,16,17
2021-12-21,92,13,19
2021-12-21,93,8,20
2021-12-21,94,9,18
2021-12-21,95,7,16
2021-12-21,96,3,18
2021-12-22,1,4,22
2021-12-22,2,3,18
2021-12-22,3,2,12
2021-12-22,4,2,16
2021-12-22,5,2,16
2021-12-22,6,1,14
2021-12-22,7,2,19
2021-12-22,8,0,-1
2021-12-22,9,4,18
2021-12-22,10,2,18
2021-12-22,11,2,17
2021-12-22,12,0,-1
2021-12-22,13,4,21
2021-12-22,14,2,16
2021-12-22,15,5,21
2021-12-22,16,7,20
2021-12-22,17,7,19
2021-12-22,18,3,21
2021-12-22,19,3,18
2021-12-22,20,9,23
2021-12-22,21,7,19
2021-12-22,22,6,19
2021-12-22,23,5,20
2021-12-22,24,11,19
2021-12-22,25,9,22
2021-12-22,26,20,19
2021-12-22,27,17,21
2021-12-22,28,26,20
2021-12-22,29,34,20
2021-12-22,30,48,20
2021-12-22,31,42,18
2021-12-22,32,49,19
2021-12-22,33,44,18
2021-12-22,34,55,18
2021-12-22,35,38,18
2021-12-22,36,24,17
2021-12-22,37,34,19
2021-12-22,38,25,18
2021-12-22,39,31,17
2021-12-22,40,24,17
2021-12-22,41,33,17
2021-12-22,42,12,17
2021-12-22,43,32,16
2021-12-22,44,35,17
2021-12-22,45,46,18
2021-12-22,46,40,17
2021-12-22,47,55,16
2021-12-22,48,53,16
2021-12-22,49,53,17
2021-12-22,50,56,17
2021-12-22,51,46,15
2021-12-22,52,62,16
2021-12-22,53,44,17
2021-12-22,54,55,16
2021-12-22,55,52,16
2021-12-22,56,50,16
2021-12-22,57,34,16
2021-12-22,58,68,15
2021-12-22,59,35,17
2021-12-22,60,43,17
2021-12-22,61,41,17
2021-12-22,62,72,14
2021-12-22,63,48,17
2021-12-22,64,54,16
2021-12-22,65,60,16
2021-12-22,66,64,18
2021-12-22,67,84,18
2021-12-22,68,72,18
2021-12-22,69,49,19
2021-12-22,70,50,17
2021-12-22,71,39,17
2021-12-22,72,53,18
2021-12-22,73,47,19
2021-12-22,74,32,19
2021-12-22,75,28,17
2021-12-22,76,37,18
2021-12-22,77,29,20
2021-12-22,78,33,19
2021-12-22,79,27,17
2021-12-22,80,21,18
2021-12-22,81,19,18
2021-12-22,82,21,18
2021-12-22,83,28,19
2021-12-22,84,11,17
2021-12-22,85,9,20
2021-12-22,86,17,19
2021-12-22,87,14,20
2021-12-22,88,13,19
2021-12-22,89,24,20
2021-12-22,90,28,18
2021-12-22,91,11,18
2021-12-22,92,9,18
2021-12-22,93,11,17
2021-12-22,94,4,18
2021-12-22,95,8,17
2021-12-22,96,4,18
2021-12-23,1,4,16
2021-12-23,2,2,21
2021-12-23,3,5,23
2021-12-23,4,7,15
2021-12-23,5,4,20
2021-12-23,6,0,-1
2021-12-23,7,2,19
2021-12-23,8,2,19
2021-12-23,9,2,19
2021-12-23,10,0,-1
2021-12-23,11,3,17
2021-12-23,12,1,21
2021-12-23,13,1,19
2021-12-23,14,1,10
2021-12-23,15,3,21
2021-12-23,16,6,17
2021-12-23,17,1,23
2021-12-23,18,6,21
2021-12-23,19,4,21
2021-12-23,20,7,21
2021-12-23,21,5,20
2021-12-23,22,9,22
2021-12-23,23,9,18
2021-12-23,24,8,20
2021-12-23,25,14,19
2021-12-23,26,14,22
2021-12-23,27,21,20
2021-12-23,28,25,20
2021-12-23,29,30,18
2021-12-23,30,43,19
2021-12-23,31,46,20
2021-12-23,32,71,20
2021-12-23,33,48,19
2021-12-23,34,41,19
2021-12-23,35,44,18
2021-12-23,36,39,19
2021-12-23,37,33,18
2021-12-23,38,36,18
2021-12-23,39,28,19
2021-12-23,40,36,18
2021-12-23,41,32,18
2021-12-23,42,41,18
2021-12-23,43,39,18
2021-12-23,44,34,19
2021-12-23,45,47,18
2021-12-23,46,56,18
2021-12-23,47,52,18
2021-12-23,48,33,19
2021-12-23,49,34,18
2021-12-23,50,48,19
2021-12-23,51,41,17
2021-12-23,52,42,19
2021-12-23,53,40,17
2021-12-23,54,41,18
2021-12-23,55,41,19
2021-12-23,56,55,18
2021-12-23,57,44,18
2021-12-23,58,54,18
2021-12-23,59,36,17
2021-12-23,60,46,18
2021-12-23,61,50,19
2021-12-23,62,55,19
2021-12-23,63,56,19
2021-12-23,64,56,18
2021-12-23,65,47,19
2021-12-23,66,72,18
2021-12-23,67,76,18
2021-12-23,68,75,18
2021-12-23,69,52,18
2021-12-23,70,46,19
2021-12-23,71,59,18
2021-12-23,72,46,19
2021-12-23,73,50,18
2021-12-23,74,28,16
2021-12-23,75,31,17
2021-12-23,76,30,18
2021-12-23,77,32,18
2021-12-23,78,27,19
2021-12-23,79,22,16
2021-12-23,80,23,18
2021-12-23,81,22,19
2021-12-23,82,19,21
2021-12-23,83,22,19
2021-12-23,84,16,18
2021-12-23,85,15,19
2021-12-23,86,13,18
2021-12-23,87,14,17
2021-12-23,88,21,17
2021-12-23,89,29,17
2021-12-23,90,9,18
2021-12-23,91,5,20
2021-12-23,92,13,17
2021-12-23,93,15,16
2021-12-23,94,9,18
2021-12-23,95,6,24
2021-12-23,96,6,16
2021-12-24,1,3,19
2021-12-24,2,5,19
2021-12-24,3,3,16
2021-12-24,4,6,18
2021-12-24,5,3,21
2021-12-24,6,5,20
2021-12-24,7,0,-1
2021-12-24,8,1,23
2021-12-24,9,1,16
2021-12-24,10,2,18
2021-12-24,11,4,18
2021-12-24,12,1,20
2021-12-24,13,2,18
2021-12-24,14,2,23
2021-12-24,15,2,14
2021-12-24,16,14,21
2021-12-24,17,3,18
2021-12-24,18,4,16
2021-12-24,19,7,22
2021-12-24,20,11,22
2021-12-24,21,5,21
2021-12-24,22,7,24
2021-12-24,23,7,20
2021-12-24,24,11,21
2021-12-24,25,17,20
2021-12-24,26,13,19
2021-12-24,27,12,18
2021-12-24,28,23,20
2021-12-24,29,20,19
2021-12-24,30,23,19
2021-12-24,31,25,19
2021-12-24,32,41,21
2021-12-24,33,28,17
2021-12-24,34,22,18
2021-12-24,35,26,18
2021-12-24,36,23,19
2021-12-24,37,24,17
2021-12-24,38,33,18
2021-12-24,39,32,18
2021-12-24,40,39,20
2021-12-24,41,36,17
2021-12-24,42,32,17
2021-12-24,43,31,19
2021-12-24,44,32,18
2021-12-24,45,44,18
2021-12-24,46,51,17
2021-12-24,47,47,17
2021-12-24,48,51,20
2021-12-24,49,45,18
2021-12-24,50,50,18
2021-12-24,51,40,19
2021-12-24,52,46,19
2021-12-24,53,47,19
2021-12-24,54,50,19
2021-12-24,55,58,19
2021-12-24,56,31,19
2021-12-24,57,37,19
2021-12-24,58,45,19
2021-12-24,59,50,19
2021-12-24,60,49,18
2021-12-24,61,43,17
2021-12-24,62,34,20
2021-12-24,63,27,18
2021-12-24,64,41,19
2021-12-24,65,37,19
2021-12-24,66,30,18
2021-12-24,67,36,19
2021-12-24,68,31,16
2021-12-24,69,28,19
2021-12-24,70,23,17
2021-12-24,71,21,19
2021-12-24,72,16,17
2021-12-24,73,23,18
2021-12-24,74,19,20
2021-12-24,75,15,17
2021-12-24,76,10,22
2021-12-24,77,16,17
2021-12-24,78,14,17
2021-12-24,79,18,20
2021-12-24,80,11,18
2021-12-24,81,8,17
2021-12-24,82,9,18
2021-12-24,83,7,18
2021-12-24,84,14,19
2021-12-24,85,12,20
2021-12-24,86,7,19
2021-12-24,87,4,17
2021-12-24,88,13,20
2021-12-24,89,8,14
2021-12-24,90,8,19
2021-12-24,91,11,18
2021-12-24,92,5,17
2021-12-24,93,8,19
2021-12-24,94,3,23
2021-12-24,95,6,17
2021-12-24,96,7,19
2021-12-25,1,3,17
2021-12-25,2,5,19
2021-12-25,3,1,15
2021-12-25,4,4,19
2021-12-25,5,3,13
2021-12-25,6,2,15
2021-12-25,7,3,20
2021-12-25,8,1,15
2021-12-25,9,1,15
2021-12-25,10,2,18
2021-12-25,11,1,20
2021-12-25,12,2,22
2021-12-25,13,1,10
2021-12-25,14,2,18
2021-12-25,15,5,17
2021-12-25,16,4,16
2021-12-25,17,3,16
2021-12-25,18,0,-1
2021-12-25,19,2,20
2021-12-25,20,0,-1
2021-12-25,21,1,21
2021-12-25,22,0,-1
2021-12-25,23,2,17
2021-12-25,24,3,22
2021-12-25,25,1,34
2021-12-25,26,1,16
2021-12-25,27,2,20
2021-12-25,28,1,17
2021-12-25,29,3,19
2021-12-25,30,4,20
2021-12-25,31,3,24
2021-12-25,32,4,20
2021-12-25,33,4,19
2021-12-25,34,4,16
2021-12-25,35,9,16
2021-12-25,36,4,17
2021-12-25,37,11,18
2021-12-25,38,3,20
2021-12-25,39,9,17
2021-12-25,40,5,16
2021-12-25,41,11,18
2021-12-25,42,10,18
2021-12-25,43,8,19
2021-12-25,44,10,17
2021-12-25,45,11,18
2021-12-25,46,5,20
2021-12-25,47,24,16
2021-12-25,48,16,18
2021-12-25,49,16,18
2021-12-25,50,21,18
2021-12-25,51,10,20
2021-12-25,52,13,15
2021-12-25,53,16,17
2021-12-25,54,11,19
2021-12-25,55,9,16
2021-12-25,56,12,19
2021-12-25,57,19,18
2021-12-25,58,10,18
2021-12-25,59,27,18
2021-12-25,60,17,17
2021-12-25,61,11,17
2021-12-25,62,23,18
2021-12-25,63,18,18
2021-12-25,64,20,18
2021-12-25,65,13,18
2021-12-25,66,14,20
2021-12-25,67,15,18
2021-12-25,68,13,18
2021-12-25,69,16,18
2021-12-25,70,18,20
2021-12-25,71,12,17
2021-12-25,72,21,18
2021-12-25,73,17,21
2021-12-25,74,15,19
2021-12-25,75,16,18
2021-12-25,76,10,17
2021-12-25,77,19,19
2021-12-25,78,6,22
2021-12-25,79,10,19
2021-12-25,80,12,18
2021-12-25,81,10,20
2021-12-25,82,12,20
2021-12-25,83,8,19
2021-12-25,84,8,15
2021-12-25,85,9,18
2021-12-25,86,4,17
2021-12-25,87,13,21
2021-12-25,88,8,20
2021-12-25,89,10,19
2021-12-25,90,7,20
2021-12-25,91,4,13
2021-12-25,92,5,15
2021-12-25,93,2,18
2021-12-25,94,3,16
2021-12-25,95,5,22
2021-12-25,96,2,21
2021-12-26,1,3,22
2021-12-26,2,5,18
2021-12-26,3,2,15
2021-12-26,4,2,19
2021-12-26,5,4,17
2021-12-26,6,0,-1
2021-12-26,7,1,15
2021-12-26,8,0,-1
2021-12-26,9,1,19
2021-12-26,10,2,11
2021-12-26,11,2,21
2021-12-26,12,1,16
2021-12-26,13,1,27
2021-12-26,14,4,18
2021-12-26,15,5,14
2021-12-26,16,4,16
2021-12-26,17,2,13
2021-12-26,18,0,-1
2021-12-26,19,1,17
2021-12-26,20,3,19
2021-12-26,21,4,22
2021-12-26,22,3,22
2021-12-26,23,5,19
2021-12-26,24,1,22
2021-12-26,25,2,18
2021-12-26,26,4,20
2021-12-26,27,6,19
2021-12-26,28,4,19
2021-12-26,29,4,20
2021-12-26,30,5,19
2021-12-26,31,5,18
2021-12-26,32,6,22
2021-12-26,33,13,20
2021-12-26,34,6,23
2021-12-26,35,13,19
2021-12-26,36,16,17
2021-12-26,37,8,19
2021-12-26,38,19,20
2021-12-26,39,10,19
2021-12-26,40,19,18
2021-12-26,41,24,19
2021-12-26,42,25,19
2021-12-26,43,19,18
2021-12-26,44,32,20
2021-12-26,45,32,19
2021-12-26,46,24,21
2021-12-26,47,26,20
2021-12-26,48,24,19
2021-12-26,49,23,16
2021-12-26,50,34,18
2021-12-26,51,28,18
2021-12-26,52,33,18
2021-12-26,53,30,19
2021-12-26,54,20,17
2021-12-26,55,11,20
2021-12-26,56,11,17
2021-12-26,57,21,16
2021-12-26,58,21,18
2021-12-26,59,22,17
2021-12-26,60,20,16
2021-12-26,61,20,18
2021-12-26,62,22,18
2021-12-26,63,20,19
2021-12-26,64,18,18
2021-12-26,65,18,18
2021-12-26,66,12,16
2021-12-26,67,15,17
2021-12-26,68,16,18
2021-12-26,69,17,18
2021-12-26,70,19,19
2021-12-26,71,19,17
2021-12-26,72,20,19
2021-12-26,73,15,18
2021-12-26,74,16,18
2021-12-26,75,16,18
2021-12-26,76,15,18
2021-12-26,77,18,19
2021-12-26,78,21,18
2021-12-26,79,9,20
2021-12-26,80,15,17
2021-12-26,81,20,21
2021-12-26,82,7,17
2021-12-26,83,8,16
2021-12-26,84,10,21
2021-12-26,85,8,21
2021-12-26,86,8,16
2021-12-26,87,8,19
2021-12-26,88,14,20
2021-12-26,89,12,17
2021-12-26,90,7,16
2021-12-26,91,5,18
2021-12-26,92,8,15
2021-12-26,93,3,18
2021-12-26,94,3,15
2021-12-26,95,4,16
2021-12-26,96,5,17
2021-12-27,1,3,19
2021-12-27,2,0,-1
2021-12-27,3,2,22
2021-12-27,4,3,22
2021-12-27,5,1,21
2021-12-27,6,2,16
2021-12-27,7,3,20
2021-12-27,8,0,-1
2021-12-27,9,2,21
2021-12-27,10,0,-1
2021-12-27,11,1,19
2021-12-27,12,3,21
2021-12-27,13,0,-1
2021-12-27,14,0,-1
2021-12-27,15,2,20
2021-12-27,16,6,19
2021-12-27,17,3,22
2021-12-27,18,4,19
2021-12-27,19,9,22
2021-12-27,20,8,22
2021-12-27,21,4,18
2021-12-27,22,4,21
2021-12-27,23,4,19
2021-12-27,24,7,24
2021-12-27,25,8,18
2021-12-27,26,13,19
2021-12-27,27,17,21
2021-12-27,28,10,20
2021-12-27,29,15,20
2021-12-27,30,13,19
2021-12-27,31,22,21
2021-12-27,32,33,19
2021-12-27,33,20,20
2021-12-27,34,12,17
2021-12-27,35,20,16
2021-12-27,36,13,18
2021-12-27,37,18,19
2021-12-27,38,16,20
2021-12-27,39,20,18
2021-12-27,40,20,18
2021-12-27,41,21,18
2021-12-27,42,19,19
2021-12-27,43,30,19
2021-12-27,44,29,17
2021-12-27,45,27,17
2021-12-27,46,24,18
2021-12-27,47,25,18
2021-12-27,48,20,17
2021-12-27,49,19,21
2021-12-27,50,33,18
2021-12-27,51,31,19
2021-12-27,52,34,18
2021-12-27,53,18,18
2021-12-27,54,34,17
2021-12-27,55,21,20
2021-12-27,56,37,18
2021-12-27,57,37,17
2021-12-27,58,19,18
2021-12-27,59,27,19
2021-12-27,60,26,17
2021-12-27,61,31,18
2021-12-27,62,26,19
2021-12-27,63,23,19
2021-12-27,64,20,19
2021-12-27,65,22,18
2021-12-27,66,36,18
2021-12-27,67,47,19
2021-12-27,68,41,17
2021-12-27,69,28,18
2021-12-27,70,21,18
2021-12-27,71,35,18
2021-12-27,72,22,19
2021-12-27,73,25,17
2021-12-27,74,22,19
2021-12-27,75,24,18
2021-12-27,76,19,16
2021-12-27,77,20,18
2021-12-27,78,14,19
2021-12-27,79,20,19
2021-12-27,80,17,17
2021-12-27,81,17,19
2021-12-27,82,19,20
2021-12-27,83,21,19
2021-12-27,84,8,15
2021-12-27,85,11,18
2021-12-27,86,14,17
2021-12-27,87,16,17
2021-12-27,88,19,18
2021-12-27,89,15,21
2021-12-27,90,11,18
2021-12-27,91,5,16
2021-12-27,92,2,21
2021-12-27,93,5,29
2021-12-27,94,6,20
2021-12-27,95,6,14
2021-12-27,96,2,18
2021-12-28,1,1,16
2021-12-28,2,0,-1
2021-12-28,3,2,18
2021-12-28,4,0,-1
2021-12-28,5,0,-1
2021-12-28,6,1,21
2021-12-28,7,3,12
2021-12-28,8,2,20
2021-12-28,9,1,24
2021-12-28,10,1,20
2021-12-28,11,1,13
2021-12-28,12,3,20
2021-12-28,13,3,19
2021-12-28,14,0,-1
2021-12-28,15,3,21
2021-12-28,16,1,15
2021-12-28,17,1,20
2021-12-28,18,4,19
2021-12-28,19,7,20
2021-12-28,20,6,23
2021-12-28,21,8,21
2021-12-28,22,3,19
2021-12-28,23,3,20
2021-12-28,24,14,20
2021-12-28,25,3,26
2021-12-28,26,7,22
2021-12-28,27,15,21
2021-12-28,28,17,20
2021-12-28,29,14,19
2021-12-28,30,17,21
2021-12-28,31,26,20
2021-12-28,32,24,18
2021-12-28,33,32,19
2021-12-28,34,14,21
2021-12-28,35,19,20
2021-12-28,36,15,20
2021-12-28,37,19,17
2021-12-28,38,20,19
2021-12-28,39,17,18
2021-12-28,40,21,20
2021-12-28,41,12,16
2021-12-28,42,28,17
2021-12-28,43,18,17
2021-12-28,44,20,19
2021-12-28,45,38,17
2021-12-28,46,18,17
2021-12-28,47,18,17
2021-12-28,48,32,17
2021-12-28,49,32,18
2021-12-28,50,22,17
2021-12-28,51,19,18
2021-12-28,52,24,18
2021-12-28,53,9,18
2021-12-28,54,14,17
2021-12-28,55,13,19
2021-12-28,56,22,19
2021-12-28,57,16,19
2021-12-28,58,18,17
2021-12-28,59,12,19
2021-12-28,60,13,19
2021-12-28,61,16,18
2021-12-28,62,28,17
2021-12-28,63,34,18
2021-12-28,64,30,20
2021-12-28,65,25,17
2021-12-28,66,40,18
2021-12-28,67,21,17
2021-12-28,68,26,18
2021-12-28,69,36,17
2021-12-28,70,17,18
2021-12-28,71,27,18
2021-12-28,72,35,18
2021-12-28,73,22,19
2021-12-28,74,25,17
2021-12-28,75,17,18
2021-12-28,76,16,18
2021-12-28,77,17,20
2021-12-28,78,16,20
2021-12-28,79,9,15
2021-12-28,80,13,20
2021-12-28,81,5,18
2021-12-28,82,21,18
2021-12-28,83,8,19
2021-12-28,84,13,19
2021-12-28,85,6,17
2021-12-28,86,12,16
2021-12-28,87,10,20
2021-12-28,88,5,16
2021-12-28,89,18,18
2021-12-28,90,12,19
2021-12-28,91,8,20
2021-12-28,92,8,19
2021-12-28,93,8,15
2021-12-28,94,2,16
2021-12-28,95,0,-1
2021-12-28,96,2,17
2021-12-29,1,6,18
2021-12-29,2,3,17
2021-12-29,3,2,14
2021-12-29,4,0,-1
2021-12-29,5,1,21
2021-12-29,6,3,19
2021-12-29,7,2,21
2021-12-29,8,7,21
2021-12-29,9,2,18
2021-12-29,10,0,-1
2021-12-29,11,4,19
2021-12-29,12,1,19
2021-12-29,13,2,17
2021-12-29,14,3,20
2021-12-29,15,4,21
2021-12-29,16,5,19
2021-12-29,17,1,17
2021-12-29,18,3,23
2021-12-29,19,3,20
2021-12-29,20,7,20
2021-12-29,21,4,21
2021-12-29,22,6,22
2021-12-29,23,4,19
2021-12-29,24,13,20
2021-12-29,25,11,21
2021-12-29,26,6,20
2021-12-29,27,18,20
2021-12-29,28,14,19
2021-12-29,29,14,18
2021-12-29,30,17,22
2021-12-29,31,18,18
2021-12-29,32,25,19
2021-12-29,33,23,21
2021-12-29,34,20,19
2021-12-29,35,13,20
2021-12-29,36,15,18
2021-12-29,37,27,18
2021-12-29,38,15,18
2021-12-29,39,28,17
2021-12-29,40,21,19
2021-12-29,41,24,18
2021-12-29,42,19,18
2021-12-29,43,28,17
2021-12-29,44,28,18
2021-12-29,45,23,17
2021-12-29,46,22,19
2021-12-29,47,28,18
2021-12-29,48,27,16
2021-12-29,49,22,18
2021-12-29,50,32,20
2021-12-29,51,31,18
2021-12-29,52,28,18
2021-12-29,53,35,19
2021-12-29,54,28,17
2021-12-29,55,35,17
2021-12-29,56,25,20
2021-12-29,57,27,17
2021-12-29,58,14,19
2021-12-29,59,28,18
2021-12-29,60,25,17
2021-12-29,61,31,18
2021-12-29,62,30,20
2021-12-29,63,23,19
2021-12-29,64,31,18
2021-12-29,65,38,17
2021-12-29,66,38,17
2021-12-29,67,37,18
2021-12-29,68,38,18
2021-12-29,69,25,17
2021-12-29,70,26,18
2021-12-29,71,42,18
2021-12-29,72,16,17
2021-12-29,73,37,18
2021-12-29,74,28,19
2021-12-29,75,19,18
2021-12-29,76,20,19
2021-12-29,77,18,18
2021-12-29,78,23,18
2021-12-29,79,31,17
2021-12-29,80,10,19
2021-12-29,81,16,19
2021-12-29,82,14,20
2021-12-29,83,13,19
2021-12-29,84,13,19
2021-12-29,85,14,19
2021-12-29,86,16,18
2021-12-29,87,20,17
2021-12-29,88,27,17
2021-12-29,89,9,19
2021-12-29,90,15,19
2021-12-29,91,5,19
2021-12-29,92,8,17
2021-12-29,93,6,27
2021-12-29,94,3,20
2021-12-29,95,9,19
2021-12-29,96,3,18
2021-12-30,1,4,17
2021-12-30,2,4,21
2021-12-30,3,2,22
2021-12-30,4,3,15
2021-12-30,5,1,22
2021-12-30,6,3,18
2021-12-30,7,4,18
2021-12-30,8,3,23
2021-12-30,9,2,21
2021-12-30,10,0,-1
2021-12-30,11,1,21
2021-12-30,12,4,22
2021-12-30,13,2,19
2021-12-30,14,1,20
2021-12-30,15,4,21
2021-12-30,16,8,18
2021-12-30,17,4,18
2021-12-30,18,4,23
2021-12-30,19,9,19
2021-12-30,20,8,19
2021-12-30,21,8,19
2021-12-30,22,4,20
2021-12-30,23,8,21
2021-12-30,24,10,22
2021-12-30,25,5,22
2021-12-30,26,8,20
2021-12-30,27,12,18
2021-12-30,28,15,21
2021-12-30,29,18,20
2021-12-30,30,15,21
2021-12-30,31,22,22
2021-12-30,32,19,17
2021-12-30,33,18,20
2021-12-30,34,20,19
2021-12-30,35,17,21
2021-12-30,36,16,19
2021-12-30,37,20,19
2021-12-30,38,23,18
2021-12-30,39,29,19
2021-12-30,40,18,17
2021-12-30,41,23,19
2021-12-30,42,31,16
2021-12-30,43,16,16
2021-12-30,44,31,18
2021-12-30,45,33,19
2021-12-30,46,26,17
2021-12-30,47,35,17
2021-12-30,48,42,19
2021-12-30,49,25,18
2021-12-30,50,27,18
2021-12-30,51,36,18
2021-12-30,52,27,17
2021-12-30,53,35,19
2021-12-30,54,33,18
2021-12-30,55,43,17
2021-12-30,56,37,17
2021-12-30,57,48,17
2021-12-30,58,51,18
2021-12-30,59,43,18
2021-12-30,60,47,18
2021-12-30,61,52,17
2021-12-30,62,30,17
2021-12-30,63,38,18
2021-12-30,64,43,18
2021-12-30,65,52,17
2021-12-30,66,26,17
2021-12-30,67,45,17
2021-12-30,68,41,17
2021-12-30,69,43,18
2021-12-30,70,36,18
2021-12-30,71,38,19
2021-12-30,72,38,17
2021-12-30,73,29,19
2021-12-30,74,21,17
2021-12-30,75,24,17
2021-12-30,76,8,17
2021-12-30,77,29,20
2021-12-30,78,15,17
2021-12-30,79,17,18
2021-12-30,80,18,19
2021-12-30,81,13,19
2021-12-30,82,18,20
2021-12-30,83,20,17
2021-12-30,84,12,22
2021-12-30,85,11,19
2021-12-30,86,15,19
2021-12-30,87,15,17
2021-12-30,88,11,18
2021-12-30,89,13,20
2021-12-30,90,9,18
2021-12-30,91,6,21
2021-12-30,92,9,15
2021-12-30,93,13,18
2021-12-30,94,8,15
2021-12-30,95,3,16
2021-12-30,96,4,22
2021-12-31,1,1,25
2021-12-31,2,2,21
2021-12-31,3,5,17
2021-12-31,4,1,22
2021-12-31,5,2,13
2021-12-31,6,3,15
2021-12-31,7,2,23
2021-12-31,8,3,15
2021-12-31,9,1,20
2021-12-31,10,0,-1
2021-12-31,11,2,17
2021-12-31,12,4,21
2021-12-31,13,0,-1
2021-12-31,14,1,11
2021-12-31,15,4,19
2021-12-31,16,5,19
2021-12-31,17,5,15
2021-12-31,18,4,19
2021-12-31,19,5,21
2021-12-31,20,9,20
2021-12-31,21,4,17
2021-12-31,22,6,20
2021-12-31,23,9,19
2021-12-31,24,4,21
2021-12-31,25,5,17
2021-12-31,26,11,20
2021-12-31,27,12,20
2021-12-31,28,14,22
2021-12-31,29,11,21
2021-12-31,30,16,21
2021-12-31,31,17,20
2021-12-31,32,22,20
2021-12-31,33,15,18
2021-12-31,34,21,20
2021-12-31,35,12,19
2021-12-31,36,27,20
2021-12-31,37,24,19
2021-12-31,38,20,17
2021-12-31,39,22,18
2021-12-31,40,22,19
2021-12-31,41,33,19
2021-12-31,42,42,18
2021-12-31,43,23,18
2021-12-31,44,36,19
2021-12-31,45,42,19
2021-12-31,46,30,18
2021-12-31,47,31,18
2021-12-31,48,33,19
2021-12-31,49,36,17
2021-12-31,50,42,18
2021-12-31,51,42,19
2021-12-31,52,35,18
2021-12-31,53,45,18
2021-12-31,54,37,18
2021-12-31,55,47,16
2021-12-31,56,42,18
2021-12-31,57,39,17
2021-12-31,58,37,19
2021-12-31,59,54,17
2021-12-31,60,58,16
2021-12-31,61,47,18
2021-12-31,62,53,18
2021-12-31,63,38,19
2021-12-31,64,32,18
2021-12-31,65,37,19
2021-12-31,66,28,19
2021-12-31,67,39,18
2021-12-31,68,36,18
2021-12-31,69,26,17
2021-12-31,70,41,18
2021-12-31,71,31,17
2021-12-31,72,37,18
2021-12-31,73,37,17
2021-12-31,74,23,19
2021-12-31,75,28,18
2021-12-31,76,23,19
2021-12-31,77,22,17
2021-12-31,78,22,17
2021-12-31,79,19,17
2021-12-31,80,20,19
2021-12-31,81,15,15
2021-12-31,82,17,21
2021-12-31,83,10,23
2021-12-31,84,4,17
2021-12-31,85,11,20
2021-12-31,86,9,18
2021-12-31,87,11,18
2021-12-31,88,22,18
2021-12-31,89,14,19
2021-12-31,90,20,18
2021-12-31,91,20,18
2021-12-31,92,15,18
2021-12-31,93,14,18
2021-12-31,94,5,16
2021-12-31,95,8,19
2021-12-31,96,8,16
2022-01-01,1,19,16
2022-01-01,2,12,19
2022-01-01,3,9,18
2022-01-01,4,14,18
2022-01-01,5,14,16
2022-01-01,6,8,19
2022-01-01,7,19,16
2022-01-01,8,12,17
2022-01-01,9,9,16
2022-01-01,10,6,13
2022-01-01,11,8,17
2022-01-01,12,7,19
2022-01-01,13,7,14
2022-01-01,14,11,17
2022-01-01,15,9,19
2022-01-01,16,9,14
2022-01-01,17,11,18
2022-01-01,18,12,16
2022-01-01,19,5,15
2022-01-01,20,0,-1
2022-01-01,21,6,17
2022-01-01,22,4,14
2022-01-01,23,8,18
2022-01-01,24,4,20
2022-01-01,25,4,14
2022-01-01,26,4,23
2022-01-01,27,6,20
2022-01-01,28,3,18
2022-01-01,29,8,20
2022-01-01,30,5,19
2022-01-01,31,7,18
2022-01-01,32,6,22
2022-01-01,33,5,20
2022-01-01,34,4,20
2022-01-01,35,9,22
2022-01-01,36,6,20
2022-01-01,37,12,18
2022-01-01,38,5,16
2022-01-01,39,11,19
2022-01-01,40,20,19
2022-01-01,41,12,19
2022-01-01,42,16,17
2022-01-01,43,25,19
2022-01-01,44,15,18
2022-01-01,45,17,18
2022-01-01,46,24,19
2022-01-01,47,24,19
2022-01-01,48,26,18
2022-01-01,49,29,17
2022-01-01,50,53,15
2022-01-01,51,33,17
2022-01-01,52,35,17
2022-01-01,53,30,17
2022-01-01,54,34,17
2022-01-01,55,33,16
2022-01-01,56,33,18
2022-01-01,57,40,17
2022-01-01,58,46,16
2022-01-01,59,34,17
2022-01-01,60,59,17
2022-01-01,61,48,17
2022-01-01,62,28,16
2022-01-01,63,32,17
2022-01-01,64,54,16
2022-01-01,65,39,19
2022-01-01,66,40,16
2022-01-01,67,28,17
2022-01-01,68,36,20
2022-01-01,69,31,18
2022-01-01,70,25,17
2022-01-01,71,22,17
2022-01-01,72,22,17
2022-01-01,73,23,17
2022-01-01,74,23,17
2022-01-01,75,16,18
2022-01-01,76,16,16
2022-01-01,77,24,20
2022-01-01,78,13,18
2022-01-01,79,12,18
2022-01-01,80,15,20
2022-01-01,81,8,20
2022-01-01,82,14,22
2022-01-01,83,15,20
2022-01-01,84,20,20
2022-01-01,85,10,19
2022-01-01,86,4,18
2022-01-01,87,11,20
2022-01-01,88,20,19
2022-01-01,89,15,21
2022-01-01,90,6,22
2022-01-01,91,3,27
2022-01-01,92,1,19
2022-01-01,93,5,17
2022-01-01,94,4,18
2022-01-01,95,5,16
2022-01-01,96,1,23
2022-01-02,1,1,31
2022-01-02,2,2,23
2022-01-02,3,1,11
2022-01-02,4,4,21
2022-01-02,5,3,21
2022-01-02,6,3,19
2022-01-02,7,0,-1
2022-01-02,8,2,26
2022-01-02,9,3,21
2022-01-02,10,4,17
2022-01-02,11,0,-1
2022-01-02,12,2,20
2022-01-02,13,1,23
2022-01-02,14,4,20
2022-01-02,15,4,17
2022-01-02,16,3,17
2022-01-02,17,3,15
2022-01-02,18,1,23
2022-01-02,19,3,18
2022-01-02,20,5,19
2022-01-02,21,5,21
2022-01-02,22,2,18
2022-01-02,23,3,20
2022-01-02,24,3,21
2022-01-02,25,1,15
2022-01-02,26,5,18
2022-01-02,27,1,17
2022-01-02,28,8,20
2022-01-02,29,6,17
2022-01-02,30,6,19
2022-01-02,31,5,22
2022-01-02,32,6,17
2022-01-02,33,5,19
2022-01-02,34,9,22
2022-01-02,35,10,19
2022-01-02,36,10,19
2022-01-02,37,16,17
2022-01-02,38,18,19
2022-01-02,39,26,20
2022-01-02,40,30,18
2022-01-02,41,20,18
2022-01-02,42,27,17
2022-01-02,43,22,17
2022-01-02,44,27,20
2022-01-02,45,41,18
2022-01-02,46,37,18
2022-01-02,47,29,19
2022-01-02,48,29,19
2022-01-02,49,36,17
2022-01-02,50,35,18
2022-01-02,51,39,18
2022-01-02,52,45,17
2022-01-02,53,38,18
2022-01-02,54,40,19
2022-01-02,55,47,17
2022-01-02,56,50,17
2022-01-02,57,36,17
2022-01-02,58,45,16
2022-01-02,59,60,17
2022-01-02,60,35,19
2022-01-02,61,29,18
2022-01-02,62,30,17
2022-01-02,63,26,16
2022-01-02,64,39,17
2022-01-02,65,21,17
2022-01-02,66,21,17
2022-01-02,67,20,19
2022-01-02,68,21,19
2022-01-02,69,19,19
2022-01-02,70,25,17
2022-01-02,71,23,17
2022-01-02,72,20,18
2022-01-02,73,21,17
2022-01-02,74,15,16
2022-01-02,75,19,18
2022-01-02,76,11,17
2022-01-02,77,12,19
2022-01-02,78,6,19
2022-01-02,79,14,21
2022-01-02,80,10,17
2022-01-02,81,17,19
2022-01-02,82,12,19
2022-01-02,83,8,19
2022-01-02,84,7,19
2022-01-02,85,13,18
2022-01-02,86,5,22
2022-01-02,87,6,15
2022-01-02,88,8,18
2022-01-02,89,11,18
2022-01-02,90,8,20
2022-01-02,91,4,19
2022-01-02,92,8,19
2022-01-02,93,2,15
2022-01-02,94,3,20
2022-01-02,95,3,13
2022-01-02,96,3,18
2022-01-03,1,3,11
2022-01-03,2,4,19
2022-01-03,3,3,20
2022-01-03,4,1,25
2022-01-03,5,3,21
2022-01-03,6,1,20
2022-01-03,7,6,16
2022-01-03,8,1,21
2022-01-03,9,2,21
2022-01-03,10,1,17
2022-01-03,11,1,15
2022-01-03,12,1,21
2022-01-03,13,2,21
2022-01-03,14,2,20
2022-01-03,15,2,15
2022-01-03,16,3,25
2022-01-03,17,7,21
2022-01-03,18,4,20
2022-01-03,19,12,23
2022-01-03,20,7,21
2022-01-03,21,8,19
2022-01-03,22,6,19
2022-01-03,23,4,21
2022-01-03,24,10,25
2022-01-03,25,14,20
2022-01-03,26,15,23
2022-01-03,27,20,21
2022-01-03,28,17,23
2022-01-03,29,25,20
2022-01-03,30,27,21
2022-01-03,31,45,19
2022-01-03,32,45,19
2022-01-03,33,33,19
2022-01-03,34,26,19
2022-01-03,35,23,18
2022-01-03,36,22,19
2022-01-03,37,33,16
2022-01-03,38,34,19
2022-01-03,39,20,19
2022-01-03,40,25,17
2022-01-03,41,18,16
2022-01-03,42,16,18
2022-01-03,43,25,18
2022-01-03,44,23,20
2022-01-03,45,15,19
2022-01-03,46,24,17
2022-01-03,47,34,19
2022-01-03,48,22,19
2022-01-03,49,18,18
2022-01-03,50,21,19
2022-01-03,51,16,19
2022-01-03,52,16,19
2022-01-03,53,20,18
2022-01-03,54,21,17
2022-01-03,55,20,20
2022-01-03,56,25,17
2022-01-03,57,16,20
2022-01-03,58,23,18
2022-01-03,59,24,17
2022-01-03,60,30,17
2022-01-03,61,34,18
2022-01-03,62,27,17
2022-01-03,63,37,18
2022-01-03,64,34,19
2022-01-03,65,36,17
2022-01-03,66,37,17
2022-01-03,67,35,18
2022-01-03,68,35,19
2022-01-03,69,42,17
2022-01-03,70,24,17
2022-01-03,71,38,18
2022-01-03,72,30,20
2022-01-03,73,24,19
2022-01-03,74,22,19
2022-01-03,75,17,18
2022-01-03,76,17,17
2022-01-03,77,22,19
2022-01-03,78,9,23
2022-01-03,79,14,18
2022-01-03,80,11,18
2022-01-03,81,19,20
2022-01-03,82,15,19
2022-01-03,83,13,19
2022-01-03,84,11,21
2022-01-03,85,11,19
2022-01-03,86,4,17
2022-01-03,87,19,19
2022-01-03,88,7,20
2022-01-03,89,1,15
2022-01-03,90,5,21
2022-01-03,91,6,15
2022-01-03,92,2,21
2022-01-03,93,2,26
2022-01-03,94,4,17
2022-01-03,95,8,16
2022-01-03,96,5,20
2022-01-04,1,1,25
2022-01-04,2,0,-1
2022-01-04,3,3,21
2022-01-04,4,2,15
2022-01-04,5,2,17
2022-01-04,6,1,20
2022-01-04,7,2,16
2022-01-04,8,2,15
2022-01-04,9,4,21
2022-01-04,10,0,-1
2022-01-04,11,3,15
2022-01-04,12,0,-1
2022-01-04,13,3,14
2022-01-04,14,3,22
2022-01-04,15,5,18
2022-01-04,16,5,22
2022-01-04,17,4,20
2022-01-04,18,2,21
2022-01-04,19,5,20
2022-01-04,20,10,21
2022-01-04,21,7,19
2022-01-04,22,6,23
2022-01-04,23,7,22
2022-01-04,24,8,20
2022-01-04,25,13,20
2022-01-04,26,12,23
2022-01-04,27,18,19
2022-01-04,28,20,21
2022-01-04,29,29,19
2022-01-04,30,34,18
2022-01-04,31,39,19
2022-01-04,32,38,21
2022-01-04,33,30,19
2022-01-04,34,39,18
2022-01-04,35,35,19
2022-01-04,36,32,19
2022-01-04,37,25,17
2022-01-04,38,23,20
2022-01-04,39,21,19
2022-01-04,40,24,20
2022-01-04,41,13,19
2022-01-04,42,31,18
2022-01-04,43,23,18
2022-01-04,44,26,21
2022-01-04,45,29,17
2022-01-04,46,34,18
2022-01-04,47,27,19
2022-01-04,48,29,18
2022-01-04,49,29,19
2022-01-04,50,27,19
2022-01-04,51,30,19
2022-01-04,52,23,18
2022-01-04,53,30,19
2022-01-04,54,31,19
2022-01-04,55,31,19
2022-01-04,56,29,20
2022-01-04,57,17,18
2022-01-04,58,31,17
2022-01-04,59,30,19
2022-01-04,60,43,18
2022-01-04,61,43,19
2022-01-04,62,32,16
2022-01-04,63,38,18
2022-01-04,64,40,19
2022-01-04,65,38,18
2022-01-04,66,58,20
2022-01-04,67,61,18
2022-01-04,68,45,17
2022-01-04,69,41,18
2022-01-04,70,57,19
2022-01-04,71,33,19
2022-01-04,72,29,17
2022-01-04,73,42,18
2022-01-04,74,28,19
2022-01-04,75,24,19
2022-01-04,76,27,18
2022-01-04,77,16,17
2022-01-04,78,19,18
2022-01-04,79,23,20
2022-01-04,80,9,19
2022-01-04,81,8,19
2022-01-04,82,15,17
2022-01-04,83,11,18
2022-01-04,84,13,19
2022-01-04,85,12,19
2022-01-04,86,15,17
2022-01-04,87,8,18
2022-01-04,88,5,19
2022-01-04,89,11,17
2022-01-04,90,9,17
2022-01-04,91,11,16
2022-01-04,92,4,18
2022-01-04,93,9,19
2022-01-04,94,1,18
2022-01-04,95,4,19
2022-01-04,96,5,20
2022-01-05,1,5,18
2022-01-05,2,1,18
2022-01-05,3,0,-1
2022-01-05,4,3,17
2022-01-05,5,3,22
2022-01-05,6,1,19
2022-01-05,7,1,18
2022-01-05,8,2,20
2022-01-05,9,5,19
2022-01-05,10,1,25
2022-01-05,11,2,21
2022-01-05,12,1,20
2022-01-05,13,1,12
2022-01-05,14,1,13
2022-01-05,15,5,17
2022-01-05,16,8,20
2022-01-05,17,6,20
2022-01-05,18,4,21
2022-01-05,19,5,19
2022-01-05,20,12,20
2022-01-05,21,6,21
2022-01-05,22,9,24
2022-01-05,23,4,17
2022-01-05,24,14,21
2022-01-05,25,11,20
2022-01-05,26,6,22
2022-01-05,27,24,20
2022-01-05,28,36,20
2022-01-05,29,29,21
2022-01-05,30,43,18
2022-01-05,31,43,19
2022-01-05,32,53,19
2022-01-05,33,36,20
2022-01-05,34,44,19
2022-01-05,35,33,20
2022-01-05,36,41,19
2022-01-05,37,23,19
2022-01-05,38,32,18
2022-01-05,39,24,21
2022-01-05,40,16,18
2022-01-05,41,16,18
2022-01-05,42,17,18
2022-01-05,43,24,18
2022-01-05,44,27,19
2022-01-05,45,26,19
2022-01-05,46,36,19
2022-01-05,47,35,19
2022-01-05,48,33,19
2022-01-05,49,30,18
2022-01-05,50,37,17
2022-01-05,51,23,20
2022-01-05,52,29,18
2022-01-05,53,24,18
2022-01-05,54,29,18
2022-01-05,55,41,18
2022-01-05,56,42,18
2022-01-05,57,24,18
2022-01-05,58,32,18
2022-01-05,59,39,19
2022-01-05,60,50,19
2022-01-05,61,39,19
2022-01-05,62,38,18
2022-01-05,63,47,19
2022-01-05,64,43,17
2022-01-05,65,59,18
2022-01-05,66,62,17
2022-01-05,67,47,19
2022-01-05,68,52,18
2022-01-05,69,51,17
2022-01-05,70,47,18
2022-01-05,71,39,18
2022-01-05,72,40,18
2022-01-05,73,27,18
2022-01-05,74,26,19
2022-01-05,75,33,18
2022-01-05,76,30,19
2022-01-05,77,17,19
2022-01-05,78,24,18
2022-01-05,79,15,19
2022-01-05,80,23,18
2022-01-05,81,20,19
2022-01-05,82,14,19
2022-01-05,83,18,18
2022-01-05,84,11,18
2022-01-05,85,15,18
2022-01-05,86,8,21
2022-01-05,87,15,17
2022-01-05,88,15,21
2022-01-05,89,16,19
2022-01-05,90,6,17
2022-01-05,91,13,17
2022-01-05,92,6,18
2022-01-05,93,4,15
2022-01-05,94,7,17
2022-01-05,95,1,19
2022-01-05,96,1,4
2022-01-06,1,1,18
2022-01-06,2,1,15
2022-01-06,3,2,13
2022-01-06,4,3,15
2022-01-06,5,0,-1
2022-01-06,6,1,23
2022-01-06,7,4,17
2022-01-06,8,3,19
2022-01-06,9,3,16
2022-01-06,10,1,22
2022-01-06,11,5,18
2022-01-06,12,1,23
2022-01-06,13,3,19
2022-01-06,14,3,21
2022-01-06,15,4,18
2022-01-06,16,7,18
2022-01-06,17,5,21
2022-01-06,18,4,20
2022-01-06,19,7,20
2022-01-06,20,10,21
2022-01-06,21,4,20
2022-01-06,22,4,19
2022-01-06,23,8,23
2022-01-06,24,10,23
2022-01-06,25,11,19
2022-01-06,26,12,22
2022-01-06,27,17,19
2022-01-06,28,29,21
2022-01-06,29,31,20
2022-01-06,30,40,18
2022-01-06,31,52,19
2022-01-06,32,58,20
2022-01-06,33,45,19
2022-01-06,34,47,19
2022-01-06,35,34,19
2022-01-06,36,39,18
2022-01-06,37,41,17
2022-01-06,38,17,19
2022-01-06,39,25,18
2022-01-06,40,26,16
2022-01-06,41,25,17
2022-01-06,42,27,18
2022-01-06,43,31,18
2022-01-06,44,35,17
2022-01-06,45,26,18
2022-01-06,46,31,17
2022-01-06,47,34,18
2022-01-06,48,42,17
2022-01-06,49,43,18
2022-01-06,50,28,18
2022-01-06,51,51,17
2022-01-06,52,33,19
2022-01-06,53,28,20
2022-01-06,54,45,18
2022-01-06,55,40,17
2022-01-06,56,48,17
2022-01-06,57,41,18
2022-01-06,58,35,18
2022-01-06,59,50,17
2022-01-06,60,50,18
2022-01-06,61,53,19
2022-01-06,62,52,19
2022-01-06,63,54,19
2022-01-06,64,63,19
2022-01-06,65,65,19
2022-01-06,66,58,19
2022-01-06,67,75,18
2022-01-06,68,62,19
2022-01-06,69,64,18
2022-01-06,70,42,18
2022-01-06,71,42,19
2022-01-06,72,42,18
2022-01-06,73,41,18
2022-01-06,74,39,18
2022-01-06,75,25,17
2022-01-06,76,31,18
2022-01-06,77,31,20
2022-01-06,78,19,16
2022-01-06,79,21,19
2022-01-06,80,29,22
2022-01-06,81,22,19
2022-01-06,82,16,18
2022-01-06,83,17,18
2022-01-06,84,13,20
2022-01-06,85,10,19
2022-01-06,86,15,18
2022-01-06,87,13,21
2022-01-06,88,15,19
2022-01-06,89,11,16
2022-01-06,90,18,19
2022-01-06,91,8,20
2022-01-06,92,8,22
2022-01-06,93,9,20
2022-01-06,94,10,19
2022-01-06,95,3,20
2022-01-06,96,6,19
2022-01-07,1,6,18
2022-01-07,2,3,15
2022-01-07,3,3,16
2022-01-07,4,2,18
2022-01-07,5,3,25
2022-01-07,6,1,20
2022-01-07,7,4,18
2022-01-07,8,0,-1
2022-01-07,9,0,-1
2022-01-07,10,3,19
2022-01-07,11,6,16
2022-01-07,12,0,-1
2022-01-07,13,2,20
2022-01-07,14,2,17
2022-01-07,15,7,18
2022-01-07,16,7,17
2022-01-07,17,4,18
2022-01-07,18,4,20
2022-01-07,19,4,21
2022-01-07,20,7,21
2022-01-07,21,5,18
2022-01-07,22,4,20
2022-01-07,23,9,22
2022-01-07,24,6,19
2022-01-07,25,10,20
2022-01-07,26,10,18
2022-01-07,27,16,21
2022-01-07,28,21,19
2022-01-07,29,22,20
2022-01-07,30,28,19
2022-01-07,31,37,19
2022-01-07,32,49,19
2022-01-07,33,38,18
2022-01-07,34,46,19
2022-01-07,35,28,18
2022-01-07,36,29,17
2022-01-07,37,21,19
2022-01-07,38,26,17
2022-01-07,39,27,20
2022-01-07,40,22,17
2022-01-07,41,17,18
2022-01-07,42,18,19
2022-01-07,43,24,19
2022-01-07,44,30,18
2022-01-07,45,27,19
2022-01-07,46,24,18
2022-01-07,47,30,19
2022-01-07,48,27,18
2022-01-07,49,17,19
2022-01-07,50,23,18
2022-01-07,51,29,19
2022-01-07,52,25,19
2022-01-07,53,27,16
2022-01-07,54,25,19
2022-01-07,55,30,18
2022-01-07,56,31,18
2022-01-07,57,43,19
2022-01-07,58,30,18
2022-01-07,59,34,17
2022-01-07,60,27,18
2022-01-07,61,30,20
2022-01-07,62,37,16
2022-01-07,63,33,18
2022-01-07,64,33,17
2022-01-07,65,50,17
2022-01-07,66,40,16
2022-01-07,67,50,18
2022-01-07,68,53,18
2022-01-07,69,48,17
2022-01-07,70,35,16
2022-01-07,71,40,19
2022-01-07,72,30,20
2022-01-07,73,30,18
2022-01-07,74,24,18
2022-01-07,75,28,18
2022-01-07,76,28,16
2022-01-07,77,33,19
2022-01-07,78,18,19
2022-01-07,79,16,17
2022-01-07,80,16,20
2022-01-07,81,18,19
2022-01-07,82,15,19
2022-01-07,83,16,19
2022-01-07,84,18,18
2022-01-07,85,6,19
2022-01-07,86,13,22
2022-01-07,87,14,19
2022-01-07,88,17,18
2022-01-07,89,15,19
2022-01-07,90,15,16
2022-01-07,91,14,16
2022-01-07,92,11,17
2022-01-07,93,4,16
2022-01-07,94,6,21
2022-01-07,95,6,15
2022-01-07,96,6,22
2022-01-08,1,8,18
2022-01-08,2,1,15
2022-01-08,3,2,24
2022-01-08,4,4,19
2022-01-08,5,2,17
2022-01-08,6,5,14
2022-01-08,7,3,22
2022-01-08,8,0,-1
2022-01-08,9,2,19
2022-01-08,10,2,13
2022-01-08,11,1,18
2022-01-08,12,5,16
2022-01-08,13,1,17
2022-01-08,14,1,15
2022-01-08,15,3,21
2022-01-08,16,3,23
2022-01-08,17,5,17
2022-01-08,18,3,18
2022-01-08,19,3,19
2022-01-08,20,8,20
2022-01-08,21,6,21
2022-01-08,22,2,16
2022-01-08,23,4,20
2022-01-08,24,1,27
2022-01-08,25,5,20
2022-01-08,26,3,18
2022-01-08,27,3,17
2022-01-08,28,5,18
2022-01-08,29,3,20
2022-01-08,30,4,19
2022-01-08,31,6,20
2022-01-08,32,13,19
2022-01-08,33,10,20
2022-01-08,34,14,18
2022-01-08,35,15,18
2022-01-08,36,22,18
2022-01-08,37,16,18
2022-01-08,38,14,18
2022-01-08,39,28,17
2022-01-08,40,28,17
2022-01-08,41,36,15
2022-01-08,42,19,19
2022-01-08,43,27,19
2022-01-08,44,21,18
2022-01-08,45,26,17
2022-01-08,46,14,17
2022-01-08,47,17,17
2022-01-08,48,12,18
2022-01-08,49,21,17
2022-01-08,50,22,19
2022-01-08,51,23,19
2022-01-08,52,8,20
2022-01-08,53,21,17
2022-01-08,54,11,16
2022-01-08,55,15,17
2022-01-08,56,19,18
2022-01-08,57,25,16
2022-01-08,58,22,17
2022-01-08,59,15,17
2022-01-08,60,26,17
2022-01-08,61,22,16
2022-01-08,62,29,18
2022-01-08,63,23,18
2022-01-08,64,17,16
2022-01-08,65,21,16
2022-01-08,66,26,17
2022-01-08,67,25,17
2022-01-08,68,21,16
2022-01-08,69,23,16
2022-01-08,70,15,18
2022-01-08,71,21,18
2022-01-08,72,20,17
2022-01-08,73,12,18
2022-01-08,74,27,17
2022-01-08,75,14,17
2022-01-08,76,23,17
2022-01-08,77,16,18
2022-01-08,78,12,18
2022-01-08,79,16,18
2022-01-08,80,8,16
2022-01-08,81,7,20
2022-01-08,82,18,19
2022-01-08,83,7,17
2022-01-08,84,9,17
2022-01-08,85,5,20
2022-01-08,86,9,21
2022-01-08,87,6,21
2022-01-08,88,8,17
2022-01-08,89,16,18
2022-01-08,90,14,18
2022-01-08,91,6,17
2022-01-08,92,6,18
2022-01-08,93,7,19
2022-01-08,94,8,19
2022-01-08,95,7,19
2022-01-08,96,4,18
2022-01-09,1,7,17
2022-01-09,2,1,21
2022-01-09,3,2,20
2022-01-09,4,0,-1
2022-01-09,5,2,18
2022-01-09,6,5,21
2022-01-09,7,1,16
2022-01-09,8,0,-1
2022-01-09,9,4,19
2022-01-09,10,0,-1
2022-01-09,11,1,16
2022-01-09,12,3,14
2022-01-09,13,1,18
2022-01-09,14,1,14
2022-01-09,15,2,17
2022-01-09,16,5,15
2022-01-09,17,5,19
2022-01-09,18,6,16
2022-01-09,19,2,19
2022-01-09,20,6,18
2022-01-09,21,1,11
2022-01-09,22,4,19
2022-01-09,23,3,18
2022-01-09,24,5,18
2022-01-09,25,2,15
2022-01-09,26,6,20
2022-01-09,27,2,14
2022-01-09,28,7,19
2022-01-09,29,2,20
2022-01-09,30,5,22
2022-01-09,31,6,19
2022-01-09,32,16,19
2022-01-09,33,6,17
2022-01-09,34,14,20
2022-01-09,35,15,19
2022-01-09,36,10,16
2022-01-09,37,21,19
2022-01-09,38,11,18
2022-01-09,39,24,18
2022-01-09,40,29,16
2022-01-09,41,26,17
2022-01-09,42,25,19
2022-01-09,43,36,17
2022-01-09,44,35,19
2022-01-09,45,42,17
2022-01-09,46,42,18
2022-01-09,47,44,17
2022-01-09,48,33,18
2022-01-09,49,45,17
2022-01-09,50,44,17
2022-01-09,51,39,18
2022-01-09,52,46,17
2022-01-09,53,51,17
2022-01-09,54,39,17
2022-01-09,55,54,17
2022-01-09,56,41,17
2022-01-09,57,42,17
2022-01-09,58,38,15
2022-01-09,59,38,17
2022-01-09,60,39,18
2022-01-09,61,33,17
2022-01-09,62,39,17
2022-01-09,63,60,17
2022-01-09,64,47,17
2022-01-09,65,40,17
2022-01-09,66,36,17
2022-01-09,67,35,17
2022-01-09,68,42,17
2022-01-09,69,32,19
2022-01-09,70,28,18
2022-01-09,71,26,17
2022-01-09,72,24,19
2022-01-09,73,26,17
2022-01-09,74,14,19
2022-01-09,75,15,19
2022-01-09,76,27,16
2022-01-09,77,26,18
2022-01-09,78,16,20
2022-01-09,79,12,19
2022-01-09,80,11,22
2022-01-09,81,14,18
2022-01-09,82,14,19
2022-01-09,83,24,21
2022-01-09,84,13,22
2022-01-09,85,10,21
2022-01-09,86,6,21
2022-01-09,87,6,26
2022-01-09,88,9,20
2022-01-09,89,9,20
2022-01-09,90,11,22
2022-01-09,91,4,18
2022-01-09,92,4,17
2022-01-09,93,4,23
2022-01-09,94,3,14
2022-01-09,95,5,18
2022-01-09,96,4,19
2022-01-10,1,2,15
2022-01-10,2,3,24
2022-01-10,3,2,22
2022-01-10,4,1,17
2022-01-10,5,5,13
2022-01-10,6,0,-1
2022-01-10,7,2,18
2022-01-10,8,2,20
2022-01-10,9,3,20
2022-01-10,10,0,-1
2022-01-10,11,0,-1
2022-01-10,12,2,20
2022-01-10,13,1,14
2022-01-10,14,3,21
2022-01-10,15,3,19
2022-01-10,16,4,26
2022-01-10,17,2,22
2022-01-10,18,7,22
2022-01-10,19,6,20
2022-01-10,20,16,20
2022-01-10,21,9,18
2022-01-10,22,11,19
2022-01-10,23,8,23
2022-01-10,24,21,21
2022-01-10,25,9,20
2022-01-10,26,27,21
2022-01-10,27,34,19
2022-01-10,28,54,19
2022-01-10,29,68,18
2022-01-10,30,105,17
2022-01-10,31,93,17
2022-01-10,32,96,18
2022-01-10,33,56,18
2022-01-10,34,59,19
2022-01-10,35,44,20
2022-01-10,36,39,19
2022-01-10,37,28,20
2022-01-10,38,19,18
2022-01-10,39,20,18
2022-01-10,40,16,19
2022-01-10,41,15,19
2022-01-10,42,23,20
2022-01-10,43,19,16
2022-01-10,44,26,19
2022-01-10,45,26,20
2022-01-10,46,38,18
2022-01-10,47,30,18
2022-01-10,48,46,18
2022-01-10,49,32,19
2022-01-10,50,26,18
2022-01-10,51,26,17
2022-01-10,52,34,18
2022-01-10,53,41,19
2022-01-10,54,27,19
2022-01-10,55,28,19
2022-01-10,56,33,18
2022-01-10,57,39,18
2022-01-10,58,34,19
2022-01-10,59,50,19
2022-01-10,60,58,18
2022-01-10,61,53,19
2022-01-10,62,54,18
2022-01-10,63,80,19
2022-01-10,64,67,18
2022-01-10,65,88,17
2022-01-10,66,74,18
2022-01-10,67,67,17
2022-01-10,68,64,18
2022-01-10,69,64,18
2022-01-10,70,61,18
2022-01-10,71,38,18
2022-01-10,72,41,19
2022-01-10,73,42,18
2022-01-10,74,32,19
2022-01-10,75,30,18
2022-01-10,76,18,20
2022-01-10,77,26,20
2022-01-10,78,35,17
2022-01-10,79,19,19
2022-01-10,80,25,19
2022-01-10,81,25,21
2022-01-10,82,19,20
2022-01-10,83,18,19
2022-01-10,84,15,20
2022-01-10,85,10,19
2022-01-10,86,10,22
2022-01-10,87,11,17
2022-01-10,88,13,21
2022-01-10,89,11,21
2022-01-10,90,5,18
2022-01-10,91,12,20
2022-01-10,92,4,16
2022-01-10,93,1,18
2022-01-10,94,6,19
2022-01-10,95,4,18
2022-01-10,96,3,12
2022-01-11,1,4,20
2022-01-11,2,1,20
2022-01-11,3,3,15
2022-01-11,4,2,20
2022-01-11,5,0,-1
2022-01-11,6,0,-1
2022-01-11,7,3,25
2022-01-11,8,1,20
2022-01-11,9,0,-1
2022-01-11,10,1,22
2022-01-11,11,2,24
2022-01-11,12,1,10
2022-01-11,13,2,19
2022-01-11,14,0,-1
2022-01-11,15,5,20
2022-01-11,16,2,19
2022-01-11,17,6,21
2022-01-11,18,2,22
2022-01-11,19,6,22
2022-01-11,20,13,21
2022-01-11,21,9,19
2022-01-11,22,11,21
2022-01-11,23,12,22
2022-01-11,24,14,21
2022-01-11,25,15,24
2022-01-11,26,33,20
2022-01-11,27,44,21
2022-01-11,28,49,20
2022-01-11,29,65,19
2022-01-11,30,87,18
2022-01-11,31,118,18
2022-01-11,32,114,18
2022-01-11,33,82,19
2022-01-11,34,56,19
2022-01-11,35,43,20
2022-01-11,36,38,20
2022-01-11,37,37,19
2022-01-11,38,36,18
2022-01-11,39,27,18
2022-01-11,40,21,18
2022-01-11,41,25,20
2022-01-11,42,28,19
2022-01-11,43,28,17
2022-01-11,44,31,19
2022-01-11,45,35,19
2022-01-11,46,40,18
2022-01-11,47,53,18
2022-01-11,48,59,18
2022-01-11,49,41,18
2022-01-11,50,34,19
2022-01-11,51,33,18
2022-01-11,52,43,19
2022-01-11,53,48,19
2022-01-11,54,39,16
2022-01-11,55,46,19
2022-01-11,56,42,19
2022-01-11,57,34,18
2022-01-11,58,54,19
2022-01-11,59,65,18
2022-01-11,60,51,20
2022-01-11,61,69,17
2022-01-11,62,79,19
2022-01-11,63,75,18
2022-01-11,64,70,18
2022-01-11,65,82,18
2022-01-11,66,76,18
2022-01-11,67,84,18
2022-01-11,68,72,17
2022-01-11,69,83,18
2022-01-11,70,70,18
2022-01-11,71,57,19
2022-01-11,72,41,19
2022-01-11,73,38,19
2022-01-11,74,41,20
2022-01-11,75,32,19
2022-01-11,76,36,19
2022-01-11,77,36,19
2022-01-11,78,30,19
2022-01-11,79,22,18
2022-01-11,80,9,17
2022-01-11,81,21,19
2022-01-11,82,23,19
2022-01-11,83,18,17
2022-01-11,84,17,19
2022-01-11,85,13,18
2022-01-11,86,15,19
2022-01-11,87,17,19
2022-01-11,88,9,16
2022-01-11,89,15,20
2022-01-11,90,13,21
2022-01-11,91,10,18
2022-01-11,92,8,19
2022-01-11,93,8,17
2022-01-11,94,7,17
2022-01-11,95,5,19
2022-01-11,96,1,20
2022-01-12,1,4,18
2022-01-12,2,5,20
2022-01-12,3,3,21
2022-01-12,4,2,19
2022-01-12,5,2,21
2022-01-12,6,0,-1
2022-01-12,7,0,-1
2022-01-12,8,4,15
2022-01-12,9,3,20
2022-01-12,10,0,-1
2022-01-12,11,1,14
2022-01-12,12,1,23
2022-01-12,13,2,18
2022-01-12,14,1,17
2022-01-12,15,4,20
2022-01-12,16,8,20
2022-01-12,17,6,21
2022-01-12,18,5,21
2022-01-12,19,9,19
2022-01-12,20,12,21
2022-01-12,21,5,20
2022-01-12,22,13,20
2022-01-12,23,13,23
2022-01-12,24,17,22
2022-01-12,25,10,21
2022-01-12,26,28,21
2022-01-12,27,26,19
2022-01-12,28,43,19
2022-01-12,29,67,19
2022-01-12,30,97,18
2022-01-12,31,101,17
2022-01-12,32,86,19
2022-01-12,33,71,19
2022-01-12,34,50,19
2022-01-12,35,54,19
2022-01-12,36,50,18
2022-01-12,37,39,18
2022-01-12,38,24,19
2022-01-12,39,17,19
2022-01-12,40,20,17
2022-01-12,41,25,16
2022-01-12,42,30,19
2022-01-12,43,21,17
2022-01-12,44,38,19
2022-01-12,45,45,18
2022-01-12,46,50,19
2022-01-12,47,48,18
2022-01-12,48,50,18
2022-01-12,49,50,19
2022-01-12,50,44,19
2022-01-12,51,51,19
2022-01-12,52,44,18
2022-01-12,53,40,17
2022-01-12,54,50,18
2022-01-12,55,52,19
2022-01-12,56,37,19
2022-01-12,57,43,18
2022-01-12,58,57,18
2022-01-12,59,45,18
2022-01-12,60,42,19
2022-01-12,61,54,19
2022-01-12,62,42,18
2022-01-12,63,79,18
2022-01-12,64,57,20
2022-01-12,65,73,18
2022-01-12,66,70,18
2022-01-12,67,79,18
2022-01-12,68,68,18
2022-01-12,69,76,18
2022-01-12,70,58,18
2022-01-12,71,55,19
2022-01-12,72,46,19
2022-01-12,73,40,18
2022-01-12,74,24,17
2022-01-12,75,34,17
2022-01-12,76,29,18
2022-01-12,77,30,20
2022-01-12,78,26,17
2022-01-12,79,25,19
2022-01-12,80,24,19
2022-01-12,81,24,18
2022-01-12,82,25,19
2022-01-12,83,17,19
2022-01-12,84,23,18
2022-01-12,85,16,18
2022-01-12,86,12,18
2022-01-12,87,15,20
2022-01-12,88,15,20
2022-01-12,89,19,17
2022-01-12,90,13,19
2022-01-12,91,7,18
2022-01-12,92,9,18
2022-01-12,93,4,20
2022-01-12,94,5,19
2022-01-12,95,4,20
2022-01-12,96,2,18
2022-01-13,1,4,18
2022-01-13,2,1,11
2022-01-13,3,5,18
2022-01-13,4,2,20
2022-01-13,5,3,22
2022-01-13,6,2,18
2022-01-13,7,0,-1
2022-01-13,8,1,13
2022-01-13,9,3,18
2022-01-13,10,3,10
2022-01-13,11,3,18
2022-01-13,12,0,-1
2022-01-13,13,1,19
2022-01-13,14,1,21
2022-01-13,15,8,22
2022-01-13,16,4,15
2022-01-13,17,3,19
2022-01-13,18,4,21
2022-01-13,19,7,22
2022-01-13,20,10,21
2022-01-13,21,8,20
2022-01-13,22,15,21
2022-01-13,23,7,23
2022-01-13,24,13,20
2022-01-13,25,8,22
2022-01-13,26,23,23
2022-01-13,27,50,20
2022-01-13,28,48,20
2022-01-13,29,60,19
2022-01-13,30,95,18
2022-01-13,31,131,17
2022-01-13,32,106,18
2022-01-13,33,63,18
2022-01-13,34,49,19
2022-01-13,35,39,19
2022-01-13,36,33,19
2022-01-13,37,29,19
2022-01-13,38,20,19
2022-01-13,39,27,19
2022-01-13,40,31,20
2022-01-13,41,18,18
2022-01-13,42,26,19
2022-01-13,43,22,17
2022-01-13,44,38,19
2022-01-13,45,31,19
2022-01-13,46,37,19
2022-01-13,47,39,19
2022-01-13,48,50,18
2022-01-13,49,52,19
2022-01-13,50,47,19
2022-01-13,51,33,18
2022-01-13,52,42,18
2022-01-13,53,47,19
2022-01-13,54,41,18
2022-01-13,55,39,17
2022-01-13,56,34,18
2022-01-13,57,47,18
2022-01-13,58,46,18
2022-01-13,59,67,19
2022-01-13,60,72,18
2022-01-13,61,56,18
2022-01-13,62,59,19
2022-01-13,63,55,19
2022-01-13,64,79,19
2022-01-13,65,86,18
2022-01-13,66,100,18
2022-01-13,67,95,18
2022-01-13,68,70,18
2022-01-13,69,77,18
2022-01-13,70,65,18
2022-01-13,71,51,19
2022-01-13,72,61,18
2022-01-13,73,42,18
2022-01-13,74,47,18
2022-01-13,75,32,19
2022-01-13,76,30,19
2022-01-13,77,45,18
2022-01-13,78,32,19
2022-01-13,79,17,18
2022-01-13,80,28,19
2022-01-13,81,11,20
2022-01-13,82,20,19
2022-01-13,83,22,18
2022-01-13,84,15,18
2022-01-13,85,16,18
2022-01-13,86,17,18
2022-01-13,87,10,18
2022-01-13,88,13,19
2022-01-13,89,18,19
2022-01-13,90,18,20
2022-01-13,91,8,19
2022-01-13,92,8,15
2022-01-13,93,5,17
2022-01-13,94,9,18
2022-01-13,95,2,19
2022-01-13,96,3,15
2022-01-14,1,9,19
2022-01-14,2,3,20
2022-01-14,3,1,15
2022-01-14,4,3,19
2022-01-14,5,0,-1
2022-01-14,6,3,30
2022-01-14,7,2,15
2022-01-14,8,2,24
2022-01-14,9,4,18
2022-01-14,10,0,-1
2022-01-14,11,3,18
2022-01-14,12,0,-1
2022-01-14,13,1,19
2022-01-14,14,2,16
2022-01-14,15,6,18
2022-01-14,16,8,19
2022-01-14,17,4,18
2022-01-14,18,7,20
2022-01-14,19,7,20
2022-01-14,20,10,22
2022-01-14,21,9,19
2022-01-14,22,8,23
2022-01-14,23,12,21
2022-01-14,24,16,22
2022-01-14,25,9,22
2022-01-14,26,22,21
2022-01-14,27,29,20
2022-01-14,28,47,20
2022-01-14,29,51,19
2022-01-14,30,70,18
2022-01-14,31,104,18
2022-01-14,32,83,18
2022-01-14,33,60,20
2022-01-14,34,44,18
2022-01-14,35,37,18
2022-01-14,36,42,20
2022-01-14,37,36,19
2022-01-14,38,30,18
2022-01-14,39,36,18
2022-01-14,40,29,18
2022-01-14,41,21,18
2022-01-14,42,32,19
2022-01-14,43,26,18
2022-01-14,44,36,18
2022-01-14,45,34,18
2022-01-14,46,42,19
2022-01-14,47,38,19
2022-01-14,48,40,19
2022-01-14,49,34,20
2022-01-14,50,31,18
2022-01-14,51,44,19
2022-01-14,52,39,18
2022-01-14,53,40,19
2022-01-14,54,33,19
2022-01-14,55,41,19
2022-01-14,56,37,18
2022-01-14,57,55,19
2022-01-14,58,52,18
2022-01-14,59,70,18
2022-01-14,60,71,18
2022-01-14,61,74,19
2022-01-14,62,77,19
2022-01-14,63,66,18
2022-01-14,64,74,18
2022-01-14,65,70,20
2022-01-14,66,67,19
2022-01-14,67,66,20
2022-01-14,68,67,18
2022-01-14,69,71,19
2022-01-14,70,71,20
2022-01-14,71,43,18
2022-01-14,72,49,19
2022-01-14,73,44,18
2022-01-14,74,52,20
2022-01-14,75,34,19
2022-01-14,76,29,18
2022-01-14,77,37,18
2022-01-14,78,22,19
2022-01-14,79,21,19
2022-01-14,80,14,17
2022-01-14,81,19,21
2022-01-14,82,22,20
2022-01-14,83,22,17
2022-01-14,84,16,18
2022-01-14,85,17,19
2022-01-14,86,11,21
2022-01-14,87,18,19
2022-01-14,88,22,18
2022-01-14,89,31,19
2022-01-14,90,27,19
2022-01-14,91,20,17
2022-01-14,92,16,15
2022-01-14,93,14,21
2022-01-14,94,11,19
2022-01-14,95,7,19
2022-01-14,96,2,14
2022-01-15,1,3,21
2022-01-15,2,4,19
2022-01-15,3,4,20
2022-01-15,4,1,25
2022-01-15,5,9,20
2022-01-15,6,2,21
2022-01-15,7,4,19
2022-01-15,8,1,16
2022-01-15,9,6,19
2022-01-15,10,3,21
2022-01-15,11,4,17
2022-01-15,12,2,19
2022-01-15,13,6,21
2022-01-15,14,3,17
2022-01-15,15,5,21
2022-01-15,16,3,13
2022-01-15,17,2,17
2022-01-15,18,9,19
2022-01-15,19,2,23
2022-01-15,20,5,17
2022-01-15,21,3,19
2022-01-15,22,4,19
2022-01-15,23,6,20
2022-01-15,24,8,20
2022-01-15,25,3,23
2022-01-15,26,4,20
2022-01-15,27,4,20
2022-01-15,28,6,20
2022-01-15,29,9,19
2022-01-15,30,9,20
2022-01-15,31,13,20
2022-01-15,32,18,22
2022-01-15,33,25,19
2022-01-15,34,33,18
2022-01-15,35,28,19
2022-01-15,36,28,19
2022-01-15,37,12,20
2022-01-15,38,31,19
2022-01-15,39,28,19
2022-01-15,40,36,19
2022-01-15,41,37,18
2022-01-15,42,40,17
2022-01-15,43,34,17
2022-01-15,44,38,17
2022-01-15,45,37,18
2022-01-15,46,34,17
2022-01-15,47,47,18
2022-01-15,48,46,16
2022-01-15,49,54,19
2022-01-15,50,59,18
2022-01-15,51,61,16
2022-01-15,52,64,18
2022-01-15,53,46,17
2022-01-15,54,64,17
2022-01-15,55,53,17
2022-01-15,56,69,17
2022-01-15,57,45,17
2022-01-15,58,59,18
2022-01-15,59,65,17
2022-01-15,60,65,16
2022-01-15,61,52,18
2022-01-15,62,46,17
2022-01-15,63,55,17
2022-01-15,64,41,18
2022-01-15,65,63,16
2022-01-15,66,44,17
2022-01-15,67,55,18
2022-01-15,68,44,17
2022-01-15,69,41,17
2022-01-15,70,45,18
2022-01-15,71,48,19
2022-01-15,72,44,18
2022-01-15,73,38,18
2022-01-15,74,35,17
2022-01-15,75,30,18
2022-01-15,76,25,18
2022-01-15,77,20,18
2022-01-15,78,24,20
2022-01-15,79,25,17
2022-01-15,80,16,19
2022-01-15,81,12,20
2022-01-15,82,9,18
2022-01-15,83,13,19
2022-01-15,84,19,18
2022-01-15,85,19,17
2022-01-15,86,23,19
2022-01-15,87,12,19
2022-01-15,88,23,18
2022-01-15,89,10,18
2022-01-15,90,15,20
2022-01-15,91,10,19
2022-01-15,92,6,16
